trainer_type: XLALMTrainer

start_lr: 0.0004
end_lr: 0.0 # 0.00004

bs: 512
mini_bs: 16

beta1: 0.9
beta2: 0.95
eps: 0.00000001
weight_decay: 0.1

warmup_steps: 500
lr_steps: 40000

checkpoint_interval: 20000
